# Input file for static wavefunction
# Use '#' to comment a line and ':' to assign a value

# Willow: 105 qubits
#Lx: 13
#Ly: 15
#offSiteList: ( (0,0), (0,1), (0,2), (0,3), (0,4), (0,5), (0,9), (0,10), (0,11), (0,12), (0,13), (0,14), (1,0), (1,1), (1,2), (1,3), (1,4), (1,9), (1,10), (1,11), (1,12), (1,13), (1,14), (2,0), (2,1), (2,2), (2,3), (2,11), (2,12), (2,13), (2,14), (3,0), (3,1), (3,2), (3,11), (3,12), (3,13), (3,14), (4,0), (4,1), (4,13), (4,14), (5,0), (5,13), (5,14), (7,0), (7,1), (7,14), (8,0), (8,1), (8,13), (8,14), (9,0), (9,1), (9,2), (9,3), (9,12), (9,13), (9,14), (10,0), (10,1), (10,2), (10,3), (10,11), (10,12), (10,13), (10,14), (11,0), (11,1), (11,2), (11,3), (11,4), (11,5), (11,10), (11,11), (11,12), (11,13), (11,14), (12,0), (12,1), (12,2), (12,3), (12,4), (12,5), (12,9), (12,10), (12,11), (12,12), (12,13), (12,14) )
# Tilted-rectangular: 97 qubits
#Lx: 13
#Ly: 13
#offSiteList: ( (0,0), (0,1), (0,2), (0,3), (0,4), (0,7), (0,8), (0,9), (0,10), (0,11), (0,12), (1,0), (1,1), (1,2), (1,3), (1,8), (1,9), (1,10), (1,11), (1,12), (2,0), (2,1), (2,2), (2,9), (2,10), (2,11), (2,12), (3,0), (3,1), (3,10), (3,11), (3,12), (4,0), (4,11), (4,12), (5,12), (7,0), (8,0), (8,1), (8,12), (9,0), (9,1), (9,2), (9,11), (9,12), (10,0), (10,1), (10,2), (10,3), (10,10), (10,11), (10,12), (11,0), (11,1), (11,2), (11,3), (11,4), (11,9), (11,10), (11,11), (11,12), (12,0), (12,1), (12,2), (12,3), (12,4), (12,5), (12,8), (12,9), (12,10), (12,11), (12,12) )
# Rect
Lx: 4
Ly: 4
plotLattice: False

uniformQA: True
excludeZeroMode: True

saveWf: False
plotWf: True
plotMomenta: False
